#title: aaab
#domain: 15.0 0.7 0.01
#dx_dy_dz: 0.01 0.01 0.01
#time_window: 3e-08

#waveform: ricker 1.0 400000000.0 mysource
#hertzian_dipole: z 8.0 0.6 0.0 mysource
#rx: 8.0 0.6 0.0

#material: 7.0 0.001 1.0 0.0 erci

#box: 0.0 0.0 0.0 15.0 0.6 0.01 erci
#box: 0.0 0.6 0.0 15.0 0.7 0.01 free_space
#box: 0.4 0.35 0.0 1.3 0.41 0.01 pec
#box: 1.55 0.35 0.0 2.45 0.41 0.01 pec
#box: 2.7 0.35 0.0 3.6 0.41 0.01 pec
#box: 3.85 0.35 0.0 4.75 0.41 0.01 pec
#box: 5.0 0.35 0.0 5.9 0.41 0.01 pec
#box: 6.15 0.35 0.0 7.05 0.41 0.01 pec
#box: 7.3 0.35 0.0 8.2 0.41 0.01 pec
#box: 8.45 0.35 0.0 9.35 0.41 0.01 pec
#box: 9.6 0.35 0.0 10.5 0.41 0.01 pec
#box: 10.75 0.35 0.0 11.65 0.41 0.01 pec
#box: 11.9 0.35 0.0 12.8 0.41 0.01 pec
#box: 13.05 0.35 0.0 13.95 0.41 0.01 pec
#triangle: 11.95 0.3 0.0 11.81 0.42 0.0 11.76 0.36 0.0 0.01 free_space
#triangle: 11.95 0.3 0.0 11.76 0.36 0.0 11.71 0.37 0.0 0.01 free_space
#triangle: 11.73 0.26 0.0 11.79 0.22 0.0 11.95 0.3 0.0 0.01 free_space
#triangle: 11.95 0.3 0.0 11.71 0.37 0.0 11.65 0.29 0.0 0.01 free_space
#triangle: 11.73 0.26 0.0 11.95 0.3 0.0 11.65 0.29 0.0 0.01 free_space
#geometry_view: 0.0 0.0 0.0 15.0 0.7 0.01 0.01 0.01 0.01 p n

