#domain: 15.0 0.7 0.01
#dx_dy_dz: 0.01 0.01 0.01
#time_window: 3e-08

#waveform: ricker 1.0 400000000.0 mysource
#hertzian_dipole: z 10.0 0.6 0.0 mysource
#rx: 10.0 0.6 0.0

#material: 7.0 0.001 1.0 0.0 erci

#box: 0.0 0.0 0.0 15.0 0.6 0.01 erci
#box: 0.0 0.6 0.0 15.0 0.7 0.01 free_space
#box: 1.0 0.35 0.0 1.4 0.41 0.01 pec
#box: 2.1 0.35 0.0 2.5 0.41 0.01 pec
#box: 3.2 0.35 0.0 3.6 0.41 0.01 pec
#box: 4.3 0.35 0.0 4.7 0.41 0.01 pec
#box: 5.4 0.35 0.0 5.8 0.41 0.01 pec
#box: 6.5 0.35 0.0 6.9 0.41 0.01 pec
#box: 7.6 0.35 0.0 8.0 0.41 0.01 pec
#box: 8.7 0.35 0.0 9.1 0.41 0.01 pec
#box: 9.8 0.35 0.0 10.2 0.41 0.01 pec
#box: 10.9 0.35 0.0 11.3 0.41 0.01 pec
#box: 12.0 0.35 0.0 12.4 0.41 0.01 pec
#box: 13.1 0.35 0.0 13.5 0.41 0.01 pec
#triangle: 11.46 0.16 0.0 11.7 0.1 0.0 11.95 0.5 0.0 0.01 pec
#triangle: 11.35 0.4 0.0 11.46 0.16 0.0 11.95 0.5 0.0 0.01 pec
#geometry_view: 0.0 0.0 0.0 15.0 0.7 0.01 0.01 0.01 0.01 bbbc n

